DEBUG:
    verbose:
        grid_generation: false
        patch_generation: false
        target_plates: false
    visual:
        find_NSEW: false
        gridue: false
        patch_map: false
        subgrid: false
eqdsk: /Users/garcia299/Desktop/cmod1031204007_dnull/g1031204007.00740
grid_params:
    config: ''
    grid_generation:
        np_core: 8
        np_global: 8
        np_primary_pf: 8
        np_primary_sol: 8
        np_secondary_pf: 8
        np_secondary_sol: 8
        nr_core: 20
        nr_global: 20
        nr_primary_pf: 20
        nr_primary_sol: 20
        nr_secondary_pf: 20
        nr_secondary_sol: 20
        radial_f_core: x, x
        radial_f_pf: x, x
        radial_f_sol: x, x
    num_xpt: 2
    patch_generation:
        NE_adjust: 0.0
        NW_adjust: 0.0
        inner_tilt: 0.0
        outer_tilt: 0.0
        rmagx_shift: 0.0
        rxpt: 0.0
        use_NE: false
        use_NW: false
        use_SE: false
        use_SW: false
        zmagx_shift: 0.0
        zxpt: 0.0
    psi_max: 0.0
    psi_max_inner: 1.101689902552
    psi_max_outer: 1.140580748039
    psi_max_r: 0.0
    psi_max_r_inner: 0.412727308359
    psi_max_r_outer: 0.740000030021
    psi_max_z: 0.0
    psi_max_z_inner: -0.447272719605
    psi_max_z_outer: -0.57818180827
    psi_min_core: 0.967345557223
    psi_min_core_r: 0.590909123486
    psi_min_core_z: -0.338181812384
    psi_min_pf: 0.960488691532
    psi_min_pf_r: 0.612727304931
    psi_min_pf_z: -0.569090899335
    psi_pf2: 1.056661971287
    psi_pf2_r: 0.452727307673
    psi_pf2_z: 0.549090899678
    rmagx: 0.681148651102
    rxpt: 0.568920386384
    rxpt2: 0.517466430139
    zmagx: -0.009994547471
    zxpt: -0.40246950084
    zxpt2: 0.445434745419
integrator_params:
    dt: 0.01
    eps: 5.0e-05
    first_step: 1.0e-05
    max_step: 0.02799999952
    step_ratio: 0.02
    tol: 0.005
num_xpt: 2
target_plates:
    plate_E1:
        file: /Users/garcia299/Desktop/cmod1031204007_dnull/cmod_LOTP.txt
        name: plate_E1
        np_local: 8
        poloidal_f: x, x
        zshift: 0.0
    plate_E2:
        file: /Users/garcia299/Desktop/cmod1031204007_dnull/cmod_UITP.txt
        name: plate_E2
        np_local: 4
        poloidal_f: x, x
        zshift: 0.0
    plate_W1:
        file: /Users/garcia299/Desktop/cmod1031204007_dnull/cmod_LITP.txt
        name: plate_W1
        np_local: 8
        poloidal_f: x, x
        zshift: 0.0
    plate_W2:
        file: /Users/garcia299/Desktop/cmod1031204007_dnull/cmod_UOTP.txt
        name: plate_W2
        np_local: 4
        poloidal_f: x, x
        zshift: 0.0
